1526.59
1521.25
1494.99
1537.26
1519.92
1593.79
1586.03
1599.62
1582.41
1509.98
1489.62
1503.12
1576.85
1588.51
1578.39
1533.83
1543.34
1604.18
1512.77
1486.01
1502.29
1536.32
1583.14
1553.44
1527.82
1506.04
1585.63
1519.21
1606.04
1519
1541.38
1555.71
1562.45
1560.62
1498.26
1576.81
1552.93
1540.71
1504.64
1474.11
1582.62
1494.2
1514.55
1558.96
1527.15
1535.08
1473.52
1482.38
1520.51
1550.16
1484.61
1574.58
1524.01
1529.81
1603.89
1515.96
1480.65
1542.3
1584.74
1541.62
1569.29
1548.8
1520.54
1510.99
1582.98
1605.76
1604.8
1504.78
1605.96
1531.73
1538.39
1520.8
1473.38
1565.32
1583.15
1550.77
1468.56
1551.22
1591.13
1569.89
1601.72
1581.29
1549.08
1601.01
1504.93
1487.38
1507.37
1525.39
1507.4
1552.88
1492.74
1501.85
1605.56
1559.94
1514.37
1546.12
1552.41
1519.03
1562.54
1552.4
1555.48
1409.14
1539.57
1539.24
1471.99
1464.67
1455.09
1454.46
1416.25
1535.81
1408.33
1459.22
1515.19
1579.47
1415.76
1542.43
1586.88
1486.76
1467.76
1441.71
1592.4
1552.74
1444.58
1520.26
1530.14
1418.2
1415.65
1494.11
1579.03
1465.22
1578.25
1441.07
1396.8
1547.29
1591.9
1422.48
1579.56
1435.56
1564.74
1549.23
1588.97
1462.31
1448.06
1422.97
1553.26
1542.97
1495.32
1584.23
1448.29
1457.83
1541.86
1498.15
1464.97
1574.89
1561.57
1509.61
1469.27
1494.84
1456.74
1498.51
1560.97
1399.64
1537.41
1466.89
1437.57
1585.91
1446.36
1588.8
1569.6
1564.12
1586.15
1554.42
1493.28
1405.35
1404.19
1539.47
1427.22
1516.35
1592.5
1431.33
1519.13
1524.4
1557.96
1443.05
1528.84
1453.27
1419.63
1546.43
1453.89
1471.33
1489.25
1455.59
1504.02
1593.3
1491.18
1592.09
1530.59
1416.63
1478.02
1563.03
1473.04
1438.21
1457.61
1525.55
1410.82
1445.51
1516.67
1517.1
1455.26
1438.88
1404.26
1507.77
1393.26
1444
1524.39
1482.5
1439.04
1510.75
1489.69
1476.58
1427.18
1434.22
1378.34
1504.9
1444.65
1438.62
1382.55
1516.6
1426.9
1488.89
1413.51
1480.01
1483.08
1455.17
1508.04
1462.91
1435.25
1395.11
1401.68
1493.09
1496.68
1458.98
1393.45
1384.23
1454.22
1482.53
1427.08
1432.09
1399.74
1532.75
1473.86
1446.01
1375.6
1391.41
1422
1420.73
1379.19
1521.38
1477.68
1473.55
1491.58
1420.81
1442.44
1471.69
1495.16
1430.09
1472.37
1495.15
1505.39
1496.66
1403.69
1479.68
1381.61
1522.57
1409.99
1505.23
1401.91
1439.92
1396
1394.59
1487.02
1479.08
1412.88
1407.43
1458.33
1414.7
1460.17
1414.61
1534.93
1494.6
1519.23
1457.78
1394.72
1436.37
1463.23
1399.35
1484.61
1476.93
1528.76
1447.76
1040.07
1036.94
1045.86
1064
1094.42
1040.15
1067.3
1116.82
1053.42
1104
1073.79
1041.74
1130.08
1065.98
1073.01
1105.16
1106.73
1084.73
1122.53
1084.09
1053.35
1097.11
1120.95
1104.96
1073.73
1092.7
1047.07
1038.92
1082
1096.27
1074.86
1069.16
1063.18
1098.9
1042.64
1095.98
1120.54
1128.37
1104.48
1095.14
1063
1099.36
1041.9
1095.16
1035.71
1034.29
1064.09
1089.19
1046.91
1095.17
1074.75
1047.12
1094.26
1117.25
1133.55
1043.44
1043.58
1085.09
1090.59
1066.58
1063.41
1041.59
1121.73
1125.34
1068.25
1070.65
1043.08
1117.97
1073.74
1044.13
1132.64
1079.59
1116.91
1073.68
1037.39
1073.61
1044.54
1058.01
1093.83
1042.6
1122.89
1066.43
1040.02
1084.48
1071.72
1048.98
1047.5
1069.45
1076.03
1114.12
1050.97
1063.39
1078.23
1064.25
1103.96
1073.34
1104.34
1130.03
1038.61
1080.65
