25.1248
25.0972
25.3063
24.9313
24.9048
25.1206
25.3184
25.3289
25.1686
24.8881
25.1561
25.3441
24.8884
25.3783
24.897
25.0051
25.2991
25.2308
24.8903
25.1607
25.0647
25.121
25.0068
25.0056
25.0789
24.8336
25.395
25.2878
25.2188
25.277
25.0116
24.9911
25.0693
25.1838
25.2954
25.3895
25.3388
25.3404
25.0532
25.0633
25.1827
25.29
25.3269
25.174
25.3558
25.3517
24.9099
24.9896
25.2101
24.9006
25.2818
25.1552
25.2587
24.9526
25.0303
25.3021
25.1232
25.3963
24.9294
25.0894
24.9841
24.9173
24.9413
24.8717
25.1521
25.3582
25.3128
24.887
25.2809
25.1573
25.0325
25.1576
25.0372
25.2109
25.02
24.9994
25.3504
25.2023
25.1141
24.9314
24.8569
25.3407
25.2295
25.0807
25.0612
25.3554
25.1507
25.2762
25.0297
24.8877
24.9317
25.1242
25.1386
24.9239
25.1702
25.0609
24.8918
24.8148
24.9253
24.8741
25.0018
24.9968
24.6826
24.6345
24.9343
24.7684
24.7164
24.8207
25.0139
24.6124
24.9442
24.831
24.9808
24.9806
24.7448
24.5782
24.6999
24.7199
25.0022
24.8849
25.0285
25.032
25.0404
24.7425
24.8531
24.9258
24.5782
25.0081
24.8105
24.6158
24.8459
24.6184
24.9593
24.5709
24.753
24.6477
24.9175
24.6644
24.7487
24.7896
24.7306
24.6309
24.7654
24.5889
24.9878
24.7812
24.8858
25.0034
24.9504
24.6794
24.6238
24.6217
24.7085
24.7349
24.9613
24.6179
24.6319
24.9128
25.0295
24.7687
24.6303
25.0155
24.5767
24.6122
24.9889
24.7387
24.6133
24.5768
24.7946
24.9544
24.8734
24.6579
24.7188
24.9259
24.9846
24.9703
24.6725
24.9052
24.9874
24.7546
24.5986
24.8179
24.5922
24.6668
24.9175
24.9882
24.8176
24.9268
24.8927
24.6073
24.8984
24.6564
24.9292
24.8971
24.6052
24.9837
24.5739
24.6746
24.8655
24.7418
25.8154
25.9354
26.1242
26.1703
26.2187
26.6406
25.8917
25.5342
25.5809
25.4329
26.356
26.3831
26.8125
25.2942
25.8318
25.592
26.2296
26.0522
25.7087
26.7743
25.646
26.7032
26.0827
26.3872
25.4567
25.5636
26.3026
26.6906
26.7611
25.2982
25.2834
25.4086
26.5773
26.6783
26.8347
25.5455
26.1973
26.1164
25.6539
26.403
25.5323
26.4299
25.6366
26.4519
26.6987
26.2826
26.151
26.3064
26.095
26.5548
26.3295
25.6519
26.2192
25.4906
26.2245
26.3753
25.6769
26.4743
25.2808
26.149
26.6298
25.4843
25.7736
25.918
26.1347
26.0754
25.661
25.9393
25.8239
26.5392
26.1035
25.8257
26.3755
25.4923
25.2987
25.642
26.8243
25.7434
25.481
25.9041
25.5639
26.6875
26.338
26.7317
25.489
26.679
25.2912
25.6041
25.7282
25.6328
26.694
26.7689
26.4178
25.3031
25.9936
26.5536
25.766
25.4911
25.3096
26.0314
24.5646
24.7147
24.0572
24.0662
24.3836
24.3364
25.0488
24.6414
25.0488
25.0474
24.3582
24.4995
24.3736
24.1985
24.6589
23.7426
24.9863
24.0011
24.7289
24.5006
24.4056
25.0746
24.2828
25.0103
23.877
23.9126
24.0489
23.7608
23.8137
23.9361
24.2839
24.1219
24.7847
24.3023
24.2215
24.9755
24.2957
24.1391
24.2459
24.1692
24.1048
24.5708
24.8857
24.5087
24.3181
24.2083
24.4219
24.3109
24.6075
24.069
24.6023
24.233
24.1966
24.9958
23.8585
23.9998
24.1556
23.7455
24.3163
23.9445
25.0518
24.414
24.9956
24.5851
24.8974
23.7667
24.6929
23.7523
24.4395
24.9448
23.7395
24.0898
23.735
24.1134
24.3299
23.8439
24.056
24.5231
24.2134
24.7631
24.667
23.9515
24.444
24.4246
24.3192
24.3952
24.9806
24.0078
24.0063
23.9786
24.6326
24.4325
24.0232
24.5523
24.3442
25.0822
24.4737
24.7446
23.7107
24.6283
